0.000000000000000000e+00
2.836420145002487558e+01
2.836420145002487558e+01
2.836420145002487558e+01
2.836420145002487558e+01
2.836420145002487558e+01
4.036672380669785554e+01
4.036672380669785554e+01
4.036672380669785554e+01
4.036672380669785554e+01
6.618582564957324621e+01
6.618582564957324621e+01
6.618582564957324621e+01
6.618582564957324621e+01
6.618582564957324621e+01
6.618582564957324621e+01
6.618582564957324621e+01
6.618582564957324621e+01
6.618582564957324621e+01
6.618582564957324621e+01
6.618582564957324621e+01
6.618582564957324621e+01
6.618582564957324621e+01
6.618582564957324621e+01
6.618582564957324621e+01
6.618582564957324621e+01
6.618582564957324621e+01
6.618582564957324621e+01
6.618582564957324621e+01
6.618582564957324621e+01
6.618582564957324621e+01
6.618582564957324621e+01
6.618582564957324621e+01
6.618582564957324621e+01
6.618582564957324621e+01
6.618582564957324621e+01
6.618582564957324621e+01
6.618582564957324621e+01
6.618582564957324621e+01
6.618582564957324621e+01
6.618582564957324621e+01
6.618582564957324621e+01
6.618582564957324621e+01
6.618582564957324621e+01
6.618582564957324621e+01
6.618582564957324621e+01
6.618582564957324621e+01
6.618582564957324621e+01
6.618582564957324621e+01
6.618582564957324621e+01
6.618582564957324621e+01
