0.000000000000000000e+00
1.865823614621375839e+02
1.865823614621375839e+02
1.865823614621375839e+02
1.865823614621375839e+02
1.865823614621375839e+02
1.865823614621375839e+02
1.865823614621375839e+02
1.865823614621375839e+02
1.865823614621375839e+02
1.865823614621375839e+02
1.865823614621375839e+02
2.839197607216806887e+02
2.839197607216806887e+02
2.839197607216806887e+02
2.839197607216806887e+02
2.839197607216806887e+02
2.839197607216806887e+02
2.839197607216806887e+02
2.839197607216806887e+02
2.839197607216806887e+02
3.205443901077908890e+02
3.205443901077908890e+02
3.205443901077908890e+02
3.205443901077908890e+02
3.205443901077908890e+02
3.205443901077908890e+02
3.205443901077908890e+02
3.205443901077908890e+02
3.205443901077908890e+02
3.205443901077908890e+02
3.205443901077908890e+02
3.205443901077908890e+02
3.205443901077908890e+02
3.205443901077908890e+02
3.205443901077908890e+02
3.205443901077908890e+02
3.205443901077908890e+02
3.253167140783637024e+02
3.253167140783637024e+02
3.398696115656955499e+02
3.398696115656955499e+02
3.398696115656955499e+02
3.398696115656955499e+02
3.398696115656955499e+02
3.398696115656955499e+02
3.398696115656955499e+02
3.398696115656955499e+02
3.398696115656955499e+02
3.398696115656955499e+02
3.398696115656955499e+02
3.398696115656955499e+02
3.398696115656955499e+02
3.398696115656955499e+02
3.398696115656955499e+02
3.398696115656955499e+02
3.398696115656955499e+02
3.440130004006005606e+02
3.440130004006005606e+02
3.440130004006005606e+02
3.440130004006005606e+02
