0.000000000000000000e+00
1.008846424053249734e+03
1.008846424053249734e+03
1.008846424053249734e+03
1.008846424053249734e+03
1.008846424053249734e+03
1.008846424053249734e+03
1.008846424053249734e+03
1.008846424053249734e+03
1.008846424053249734e+03
1.008846424053249734e+03
1.008846424053249734e+03
1.008846424053249734e+03
1.008846424053249734e+03
1.008846424053249734e+03
1.008846424053249734e+03
1.008846424053249734e+03
1.008846424053249734e+03
1.008846424053249734e+03
1.008846424053249734e+03
1.008846424053249734e+03
1.008846424053249734e+03
1.008846424053249734e+03
1.008846424053249734e+03
1.008846424053249734e+03
1.008846424053249734e+03
1.008846424053249734e+03
1.008846424053249734e+03
1.008846424053249734e+03
1.008846424053249734e+03
1.008846424053249734e+03
1.008846424053249734e+03
1.008846424053249734e+03
1.008846424053249734e+03
1.008846424053249734e+03
1.008846424053249734e+03
1.008846424053249734e+03
1.008846424053249734e+03
1.008846424053249734e+03
1.008846424053249734e+03
1.008846424053249734e+03
1.008846424053249734e+03
1.008846424053249734e+03
1.008846424053249734e+03
1.008846424053249734e+03
1.008846424053249734e+03
1.008846424053249734e+03
1.008846424053249734e+03
1.008846424053249734e+03
1.008846424053249734e+03
1.008846424053249734e+03
