0.000000000000000000e+00
9.952044960542212948e+02
9.952044960542212948e+02
9.952044960542212948e+02
9.952044960542212948e+02
9.952044960542212948e+02
9.952044960542212948e+02
9.952044960542212948e+02
9.952044960542212948e+02
9.952044960542212948e+02
9.952044960542212948e+02
9.952044960542212948e+02
9.952044960542212948e+02
9.952044960542212948e+02
9.952044960542212948e+02
9.952044960542212948e+02
9.952044960542212948e+02
9.952044960542212948e+02
9.952044960542212948e+02
9.952044960542212948e+02
9.952044960542212948e+02
9.952044960542212948e+02
9.952044960542212948e+02
9.952044960542212948e+02
9.952044960542212948e+02
9.952044960542212948e+02
9.952044960542212948e+02
9.952044960542212948e+02
9.952044960542212948e+02
9.952044960542212948e+02
9.952044960542212948e+02
9.952044960542212948e+02
9.952044960542212948e+02
9.952044960542212948e+02
9.952044960542212948e+02
9.952044960542212948e+02
9.952044960542212948e+02
9.952044960542212948e+02
9.952044960542212948e+02
9.952044960542212948e+02
9.952044960542212948e+02
9.952044960542212948e+02
9.952044960542212948e+02
9.952044960542212948e+02
9.952044960542212948e+02
9.952044960542212948e+02
9.952044960542212948e+02
9.952044960542212948e+02
9.952044960542212948e+02
9.952044960542212948e+02
9.952044960542212948e+02
